=============================================
   Ejecucion pr4 sobre Coocur dataset!
=============================================

EJERCICIO 5_1 (SVM cross_validation, linear kernel, K=4):
Sintonizacion:
         L   Kappa(%)
      0.03       52.0
      0.12       55.9
      0.50       65.8
      2.00       72.5
      8.00       76.3
     32.00       79.4
    128.00       80.5
    512.00       80.3
   2048.00       80.7
   8192.00       80.8
  32768.00       80.8
V_mejor=8192 kappa=80.78%

Test:
acc.: 85.76%
kappa: 85.50%
cf =
[[3.   0.   0.   ... 0.   0.   0.  ]
 [0.   3.   0.   ... 0.   0.   0.  ]
 [0.   0.   3.5  ... 0.   0.   0.  ]
 ...
 [0.   0.   0.   ... 3.   0.   0.  ]
 [0.   0.   0.   ... 0.   3.75 0.  ]
 [0.   0.   0.   ... 0.   0.   3.75]]
Tiempo test: 0.1452
─────────────────────────────────────────────────
EJERCICIO 5_2 (SVM cross_validation, gaussian kernel, OVO, K=4):
Sintonizacion:
    Lambda           Gamma  Kappa (%)      Mejor
0.03       0.0078125       51.7       51.7
0.03         0.03125       52.6       52.6
0.03           0.125       55.9       55.9
0.03             0.5       60.8       60.8
0.03               2       62.1       62.1
0.03               8       51.2       62.1
0.03              32       32.5       62.1
0.03             128       22.9       62.1
0.12       0.0078125       51.7       62.1
0.12         0.03125       52.6       62.1
0.12           0.125       55.9       62.1
0.12             0.5       60.8       62.1
0.12               2       62.1       62.1
0.12               8       51.2       62.1
0.12              32       32.5       62.1
0.12             128       22.9       62.1
0.50       0.0078125       51.8       62.1
0.50         0.03125       53.1       62.1
0.50           0.125       57.2       62.1
0.50             0.5       63.2       63.2
0.50               2       65.1       65.1
0.50               8       52.1       65.1
0.50              32       32.5       65.1
0.50             128       22.9       65.1
2.00       0.0078125       52.5       65.1
2.00         0.03125       56.8       65.1
2.00           0.125       65.1       65.1
2.00             0.5       69.9       69.9
2.00               2       70.2       70.2
2.00               8       62.3       70.2
2.00              32       46.5       70.2
2.00             128       28.5       70.2
8.00       0.0078125       56.8       70.2
8.00         0.03125       65.8       70.2
8.00           0.125       71.5       71.5
8.00             0.5       73.7       73.7
8.00               2       71.2       73.7
8.00               8       62.5       73.7
8.00              32       46.3       73.7
8.00             128       28.5       73.7
32.00       0.0078125       65.8       73.7
32.00         0.03125       72.3       73.7
32.00           0.125       74.9       74.9
32.00             0.5       74.8       74.9
32.00               2       71.6       74.9
32.00               8       62.1       74.9
32.00              32       46.3       74.9
32.00             128       28.5       74.9
128.00       0.0078125       73.0       74.9
128.00         0.03125       76.4       76.4
128.00           0.125       77.2       77.2
128.00             0.5       74.9       77.2
128.00               2       71.7       77.2
128.00               8       62.1       77.2
128.00              32       46.3       77.2
128.00             128       28.5       77.2
512.00       0.0078125       77.8       77.8
512.00         0.03125       78.3       78.3
512.00           0.125       77.6       78.3
512.00             0.5       74.9       78.3
512.00               2       71.5       78.3
512.00               8       62.1       78.3
512.00              32       46.3       78.3
512.00             128       28.5       78.3
2048.00       0.0078125       80.2       80.2
2048.00         0.03125       79.4       80.2
2048.00           0.125       77.1       80.2
2048.00             0.5       74.9       80.2
2048.00               2       71.5       80.2
2048.00               8       62.1       80.2
2048.00              32       46.3       80.2
2048.00             128       28.5       80.2
8192.00       0.0078125       80.4       80.4
8192.00         0.03125       79.5       80.4
8192.00           0.125       76.7       80.4
8192.00             0.5       74.9       80.4
8192.00               2       71.5       80.4
8192.00               8       62.1       80.4
8192.00              32       46.3       80.4
8192.00             128       28.5       80.4
32768.00       0.0078125       80.4       80.4
32768.00         0.03125       79.0       80.4
32768.00           0.125       76.7       80.4
32768.00             0.5       74.9       80.4
32768.00               2       71.5       80.4
32768.00               8       62.1       80.4
32768.00              32       46.3       80.4
32768.00             128       28.5       80.4
L_mejor=8192, G_mejor=0.0078125, kappa=80.42%

Test:
acc.: 84.84%
kappa: 84.55%
cf =
[[2.75 0.   0.   ... 0.   0.   0.  ]
 [0.   3.   0.   ... 0.   0.   0.  ]
 [0.   0.   3.5  ... 0.   0.   0.  ]
 ...
 [0.   0.   0.   ... 3.5  0.   0.  ]
 [0.   0.   0.   ... 0.   3.75 0.  ]
 [0.   0.   0.   ... 0.   0.   3.75]]
Tiempo test: 2.0641
─────────────────────────────────────────────────
EJERCICIO 5_3 (SVM cross_validation, gaussian kernel, OVA, K=4):
Sintonizacion:
    Lambda           Gamma  Kappa (%)      Mejor
0.03       0.0078125       42.5       42.5
0.03         0.03125       60.7       60.7
0.03           0.125       65.6       65.6
0.03             0.5       66.6       66.6
0.03               2       69.9       69.9
0.03               8       69.8       69.9
0.03              32       63.0       69.9
0.03             128       52.1       69.9
0.12       0.0078125       59.7       69.9
0.12         0.03125       65.3       69.9
0.12           0.125       65.7       69.9
0.12             0.5       66.7       69.9
0.12               2       69.9       69.9
0.12               8       69.9       69.9
0.12              32       62.3       69.9
0.12             128       41.7       69.9
0.50       0.0078125       64.2       69.9
0.50         0.03125       65.4       69.9
0.50           0.125       64.7       69.9
0.50             0.5       67.0       69.9
0.50               2       70.0       70.0
0.50               8       70.0       70.0
0.50              32       63.0       70.0
0.50             128       42.9       70.0
2.00       0.0078125       65.2       70.0
2.00         0.03125       65.8       70.0
2.00           0.125       66.5       70.0
2.00             0.5       70.6       70.6
2.00               2       71.3       71.3
2.00               8       69.2       71.3
2.00              32       59.8       71.3
2.00             128       37.1       71.3
8.00       0.0078125       65.9       71.3
8.00         0.03125       66.5       71.3
8.00           0.125       69.8       71.3
8.00             0.5       74.1       74.1
8.00               2       72.6       74.1
8.00               8       69.2       74.1
8.00              32       59.7       74.1
8.00             128       37.3       74.1
32.00       0.0078125       67.1       74.1
32.00         0.03125       70.6       74.1
32.00           0.125       76.1       76.1
32.00             0.5       76.1       76.1
32.00               2       73.0       76.1
32.00               8       69.0       76.1
32.00              32       59.7       76.1
32.00             128       37.3       76.1
128.00       0.0078125       69.8       76.1
128.00         0.03125       76.2       76.2
128.00           0.125       78.7       78.7
128.00             0.5       75.8       78.7
128.00               2       72.6       78.7
128.00               8       69.0       78.7
128.00              32       59.7       78.7
128.00             128       37.3       78.7
512.00       0.0078125       75.6       78.7
512.00         0.03125       80.1       80.1
512.00           0.125       78.7       80.1
512.00             0.5       75.6       80.1
512.00               2       72.3       80.1
512.00               8       69.0       80.1
512.00              32       59.7       80.1
512.00             128       37.3       80.1
2048.00       0.0078125       79.7       80.1
2048.00         0.03125       81.0       81.0
2048.00           0.125       78.9       81.0
2048.00             0.5       73.9       81.0
2048.00               2       72.3       81.0
2048.00               8       69.0       81.0
2048.00              32       59.7       81.0
2048.00             128       37.3       81.0
8192.00       0.0078125       81.0       81.0
8192.00         0.03125       80.2       81.0
8192.00           0.125       77.9       81.0
8192.00             0.5       74.1       81.0
8192.00               2       72.3       81.0
8192.00               8       69.0       81.0
8192.00              32       59.7       81.0
8192.00             128       37.3       81.0
32768.00       0.0078125       81.6       81.6
32768.00         0.03125       81.2       81.6
32768.00           0.125       77.2       81.6
32768.00             0.5       74.1       81.6
32768.00               2       72.3       81.6
32768.00               8       69.0       81.6
32768.00              32       59.7       81.6
32768.00             128       37.3       81.6
L_mejor=32768, G_mejor=0.0078125, kappa=81.60%

Test:
acc.: 86.46%
kappa: 86.20%
cf =
[[3.25 0.   0.   ... 0.   0.   0.  ]
 [0.25 3.   0.   ... 0.   0.   0.  ]
 [0.   0.25 3.5  ... 0.   0.   0.  ]
 ...
 [0.   0.   0.   ... 3.5  0.   0.  ]
 [0.   0.   0.   ... 0.   3.75 0.  ]
 [0.   0.   0.   ... 0.   0.   4.  ]]
Tiempo test: 0.2477
─────────────────────────────────────────────────
=============================================
   Ejecucion pr4 sobre LBP dataset!
=============================================

EJERCICIO 5_1 (SVM cross_validation, linear kernel, K=4):
Sintonizacion:
         L   Kappa(%)
      0.03       73.3
      0.12       77.5
      0.50       82.9
      2.00       86.3
      8.00       87.6
     32.00       87.0
    128.00       86.6
    512.00       86.6
   2048.00       86.6
   8192.00       86.6
  32768.00       86.6
V_mejor=8 kappa=87.62%

Test:
acc.: 89.93%
kappa: 89.74%
cf =
[[4.   0.   0.   ... 0.   0.   0.  ]
 [0.   2.5  0.   ... 0.   0.   0.  ]
 [0.   0.   4.   ... 0.   0.   0.  ]
 ...
 [0.   0.   0.   ... 3.75 0.   0.  ]
 [0.   0.   0.   ... 0.   4.   0.  ]
 [0.   0.   0.   ... 0.   0.   4.  ]]
Tiempo test: 0.0601
─────────────────────────────────────────────────
EJERCICIO 5_2 (SVM cross_validation, gaussian kernel, OVO, K=4):
Sintonizacion:
    Lambda           Gamma  Kappa (%)      Mejor
0.03       0.0078125       72.9       72.9
0.03         0.03125       73.9       73.9
0.03           0.125       76.8       76.8
0.03             0.5       80.1       80.1
0.03               2       79.8       80.1
0.03               8       55.5       80.1
0.03              32       30.7       80.1
0.03             128       25.7       80.1
0.12       0.0078125       72.9       80.1
0.12         0.03125       73.9       80.1
0.12           0.125       76.8       80.1
0.12             0.5       80.1       80.1
0.12               2       79.8       80.1
0.12               8       55.5       80.1
0.12              32       30.7       80.1
0.12             128       25.7       80.1
0.50       0.0078125       72.9       80.1
0.50         0.03125       74.2       80.1
0.50           0.125       78.1       80.1
0.50             0.5       81.5       81.5
0.50               2       81.2       81.5
0.50               8       55.9       81.5
0.50              32       30.7       81.5
0.50             128       25.5       81.5
2.00       0.0078125       73.3       81.5
2.00         0.03125       77.8       81.5
2.00           0.125       82.2       82.2
2.00             0.5       86.0       86.0
2.00               2       85.4       86.0
2.00               8       70.9       86.0
2.00              32       44.2       86.0
2.00             128       27.9       86.0
8.00       0.0078125       76.9       86.0
8.00         0.03125       82.9       86.0
8.00           0.125       87.1       87.1
8.00             0.5       87.7       87.7
8.00               2       84.6       87.7
8.00               8       70.8       87.7
8.00              32       44.2       87.7
8.00             128       27.9       87.7
32.00       0.0078125       83.0       87.7
32.00         0.03125       86.6       87.7
32.00           0.125       87.7       87.7
32.00             0.5       87.5       87.7
32.00               2       84.4       87.7
32.00               8       70.8       87.7
32.00              32       44.2       87.7
32.00             128       27.9       87.7
128.00       0.0078125       86.4       87.7
128.00         0.03125       87.6       87.7
128.00           0.125       87.9       87.9
128.00             0.5       87.1       87.9
128.00               2       84.4       87.9
128.00               8       70.8       87.9
128.00              32       44.2       87.9
128.00             128       27.9       87.9
512.00       0.0078125       88.1       88.1
512.00         0.03125       87.0       88.1
512.00           0.125       87.5       88.1
512.00             0.5       87.3       88.1
512.00               2       84.4       88.1
512.00               8       70.8       88.1
512.00              32       44.2       88.1
512.00             128       27.9       88.1
2048.00       0.0078125       87.1       88.1
2048.00         0.03125       87.3       88.1
2048.00           0.125       87.5       88.1
2048.00             0.5       87.3       88.1
2048.00               2       84.4       88.1
2048.00               8       70.8       88.1
2048.00              32       44.2       88.1
2048.00             128       27.9       88.1
8192.00       0.0078125       86.6       88.1
8192.00         0.03125       87.1       88.1
8192.00           0.125       87.5       88.1
8192.00             0.5       87.3       88.1
8192.00               2       84.4       88.1
8192.00               8       70.8       88.1
8192.00              32       44.2       88.1
8192.00             128       27.9       88.1
32768.00       0.0078125       86.6       88.1
32768.00         0.03125       87.0       88.1
32768.00           0.125       87.5       88.1
32768.00             0.5       87.3       88.1
32768.00               2       84.4       88.1
32768.00               8       70.8       88.1
32768.00              32       44.2       88.1
32768.00             128       27.9       88.1
L_mejor=512, G_mejor=0.0078125, kappa=88.09%

Test:
acc.: 89.70%
kappa: 89.50%
cf =
[[4.   0.   0.   ... 0.   0.   0.  ]
 [0.   2.25 0.   ... 0.   0.   0.  ]
 [0.   0.   4.   ... 0.   0.   0.  ]
 ...
 [0.   0.   0.   ... 3.75 0.   0.  ]
 [0.   0.   0.   ... 0.   4.   0.  ]
 [0.   0.   0.   ... 0.   0.   4.  ]]
Tiempo test: 2.0758
─────────────────────────────────────────────────
EJERCICIO 5_3 (SVM cross_validation, gaussian kernel, OVA, K=4):
Sintonizacion:
    Lambda           Gamma  Kappa (%)      Mejor
0.03       0.0078125       61.7       61.7
0.03         0.03125       74.3       74.3
0.03           0.125       78.2       78.2
0.03             0.5       81.0       81.0
0.03               2       83.6       83.6
0.03               8       85.5       85.5
0.03              32       75.7       85.5
0.03             128       55.8       85.5
0.12       0.0078125       71.0       85.5
0.12         0.03125       75.1       85.5
0.12           0.125       78.4       85.5
0.12             0.5       81.2       85.5
0.12               2       83.8       85.5
0.12               8       86.0       86.0
0.12              32       73.3       86.0
0.12             128       37.9       86.0
0.50       0.0078125       73.0       86.0
0.50         0.03125       74.9       86.0
0.50           0.125       78.2       86.0
0.50             0.5       81.5       86.0
0.50               2       84.3       86.0
0.50               8       86.1       86.1
0.50              32       73.8       86.1
0.50             128       37.3       86.1
2.00       0.0078125       73.6       86.1
2.00         0.03125       74.9       86.1
2.00           0.125       80.4       86.1
2.00             0.5       84.9       86.1
2.00               2       87.0       87.0
2.00               8       84.4       87.0
2.00              32       66.6       87.0
2.00             128       29.5       87.0
8.00       0.0078125       74.2       87.0
8.00         0.03125       77.8       87.0
8.00           0.125       85.0       87.0
8.00             0.5       87.7       87.7
8.00               2       86.7       87.7
8.00               8       84.4       87.7
8.00              32       66.6       87.7
8.00             128       29.5       87.7
32.00       0.0078125       76.8       87.7
32.00         0.03125       83.4       87.7
32.00           0.125       86.4       87.7
32.00             0.5       87.6       87.7
32.00               2       86.4       87.7
32.00               8       84.4       87.7
32.00              32       66.6       87.7
32.00             128       29.5       87.7
128.00       0.0078125       81.6       87.7
128.00         0.03125       86.1       87.7
128.00           0.125       86.6       87.7
128.00             0.5       86.3       87.7
128.00               2       86.4       87.7
128.00               8       84.4       87.7
128.00              32       66.6       87.7
128.00             128       29.5       87.7
512.00       0.0078125       85.8       87.7
512.00         0.03125       87.1       87.7
512.00           0.125       84.9       87.7
512.00             0.5       86.0       87.7
512.00               2       86.4       87.7
512.00               8       84.4       87.7
512.00              32       66.6       87.7
512.00             128       29.5       87.7
2048.00       0.0078125       85.7       87.7
2048.00         0.03125       85.6       87.7
2048.00           0.125       84.9       87.7
2048.00             0.5       86.0       87.7
2048.00               2       86.4       87.7
2048.00               8       84.4       87.7
2048.00              32       66.6       87.7
2048.00             128       29.5       87.7
8192.00       0.0078125       85.4       87.7
8192.00         0.03125       83.3       87.7
8192.00           0.125       84.9       87.7
8192.00             0.5       86.0       87.7
8192.00               2       86.4       87.7
8192.00               8       84.4       87.7
8192.00              32       66.6       87.7
8192.00             128       29.5       87.7
32768.00       0.0078125       82.9       87.7
32768.00         0.03125       82.5       87.7
32768.00           0.125       84.9       87.7
32768.00             0.5       86.0       87.7
32768.00               2       86.4       87.7
32768.00               8       84.4       87.7
32768.00              32       66.6       87.7
32768.00             128       29.5       87.7
L_mejor=8, G_mejor=0.5, kappa=87.74%

Test:
acc.: 90.62%
kappa: 90.45%
cf =
[[4.   0.   0.   ... 0.   0.   0.  ]
 [0.   1.25 0.   ... 0.   0.   0.  ]
 [0.   0.   4.   ... 0.   0.   0.  ]
 ...
 [0.   0.   0.   ... 3.75 0.   0.  ]
 [0.   0.   0.   ... 0.   4.   0.  ]
 [0.   0.   0.   ... 0.   0.   4.  ]]
Tiempo test: 0.2208
─────────────────────────────────────────────────